26534
14305
33916
29238
34326
2288
3500
5980
744
22911
12725
30556
38465
27647
22782
5242
35447
17500
8396
20178
38038
31575
7008
11931
25791
12668
33278
27799
2097
16061
592
20231
29073
37598
27054
21178
12055
30822
9499
9271
21693
20968
15131
2971
1421
26449
29683
1815
27999
-260
2029
27219
3077
17997
4275
17619
10343
23533
27737
30506
22054
17485
27405
36702
36144
31526
26299
21631
28429
12295
30844
11911
13307
23775
5894
40591
27404
39764
2256
15159
24365
3507
16106
33408
38876
10546
41932
10920
22629
-1678
27220
-398
36716
5382
3499
37476
25733
-1948
41177
41149
6279
34500
17197
37185
15153
2636
34339
-2360
3462
28156
26813
5819
6213
25254
9168
40677
3579
8410
28681
24456
35672
42068
-2530
10367
29549
10313
26256
18829
35203
33918
6624
7829
35768
17245
15347
8350
-1228
38500
29719
2344
24600
26417
14926
3256
30260
5147
21586
3052
24617
31327
315
13278
5966
12412
16274
7649
38114
157
26611
18041
1833
42060
35491
21349
28141
24270
36783
8780
5868
4456
6706
7108
7133
6484
33714
23006
38804
36886
37181
25654
29876
33123
-686
41339
42410
20038
19791
4641
21781
3838
8589
3198
29448
1698
17536
3348
23348
30739
32025
14762
751
18564
9910
-2471
3817
24453
15895
11064
1822
-2070
19099
27475
10947
16296
10643
38675
35465
28105
35667
32775
19255
9874
38809
15798
25665
39631
33646
7874
2013
5065
33264
-2115
25405
17272
41997
25989
24887
16940
37636
21548
25037
15917
4487
16792
38200
-2460
36644
21605
5777
28800
33694
23126
4073
19159
40157
38944
38166
25216
12139
17199
5194
13412
38814
24180
29378
14386
30473
873
15543
12378
9931
31245
1785
31322
38845
36217
30103
24983
17517
-717
34043
-580
21388
6414
39485
19252
9864
11239
41401
40152
-2469
22339
38909
8441
30265
30767
3382
19448
4195
30053
19039
-2011
4833
31293
29265
-1597
37940
440
32629
22413
25874
21170
40274
17423
4522
42580
4439
23144
1466
29051
12996
12045
19244
38434
34905
35312
1007
6586
36415
-1963
-17
23443
41402
19723
7723
42168
32844
1569
30515
2378
14024
36269
37968
10739
29899
36293
17798
30012
18130
24396
-701
13517
6594
39276
24701
4659
39967
5767
21715
31813
37276
18586
35732
5525
20860
18593
12984
36676
5242
38393
20769
36579
27131
23653
42181
24992
14201
34863
20553
18704
29303
920
36801
41882
27067
30122
13502
5056
35313
16712
38144
10000
35353
34822
6815
36513
42008
18777
15587
20988
5898
18652
38504
-2360
13232
32990
39221
41946
2315
281
20019
29532
8558
35325
22969
29962
14058
6250
32876
33922
38658
40715
20055
24840
3816
19326
20842
-1536
11898
17141
4139
-1153
39025
20881
35948
22360
40575
6918
7216
19045
10180
10011
23386
36806
37850
8978
22432
13148
17037
28891
6353
1391
19319
37045
19913
25542
19199
13159
32526
27462
33611
36573
34463
18810
25688
24356
9379
19746
19956
22509
40971
26209
8325
34872
37907
30452
13139
637
4328
30342
396
2828
35479
35660
2344
8797
34186
12789
33776
42130
41089
10586
33403
37884
18064
32742
5813
24173
15307
-2241
32510
28429
17098
40288
11361
36509
31917
34781
-918
6070
36830
21049
29956
18625
32637
30140
41276
-398
5657
26289
4197
19218
35123
34175
40977
12639
14159
229
9985
2990
19348
2909
34911
-2488
5504
9729
28091
36550
39902
7541
21318
12840
13114
-2084
17329
29198
20157
13660
23933
37287
27419
16582
859
21332
-537
9871
33605
40801
25120
8886
87
28892
3838
8772
4081
11870
30952
30180
179
33277
8128
11902
34296
-1111
2315
4571
32535
-267
20280
37140
18599
2570
66
28596
15290
4532
14244
40785
28097
33909
31781
5447
37470
14302
24032
15127
24695
29636
25995
32973
35777
37789
21121
34008
23465
19630
39628
15129
182
26381
35295
10441
14912
7909
15049
991
33497
2590
41101
21214
11029
22468
6601
36257
12694
36066
7556
36891
-1343
1632
2419
35559
-1842
2296
15184
25411
26137
36896
-1368
34754
32008
10994
3241
12095
5006
4619
11571
4135
18584
17163
5705
-986
36398
39857
-348
3200
32261
37669
40369
12940
32599
-871
30610
8794
21988
38555
37043
25184
620
28951
19639
33752
12975
17691
-947
30247
8243
-421
19869
28019
38655
12196
29557
37980
18120
26963
31410
39178
15358
20976
9332
34103
40880
11347
8119
24474
2905
12542
11870
27346
42446
40467
1565
17950
40151
39325
40509
30879
12020
17944
6427
19627
5232
17639
6822
31934
2395
10591
22948
34875
24423
34231
16440
21958
36881
19764
6409
39294
34908
9414
11414
3265
42429
2250
28846
32381
-942
8148
9885
22880
35518
4013
9656
29288
32927
22592
32882
30521
28685
17378
10175
27979
33264
379
15444
6298
9149
20927
12790
28109
12426
-2449
35760
7372
16683
21984
10256
4419
20324
40555
22378
16951
37668
16937
3027
25394
2351
3884
13424
-752
35779
33425
29664
30429
20092
8249
8944
5018
23526
40492
41773
20252
21831
31078
38859
41977
35094
25111
31213
3831
14634
9660
30448
20879
37460
24842
11806
15661
997
-2496
30776
35866
496
39705
16816
4523
23144
13602
41747
41452
14537
18094
39565
23472
29723
19836
1448
20963
4617
2357
36328
22493
22923
28457
19908
26601
7213
28581
5025
34797
-1561
37113
2529
13138
22178
15882
22260
31832
34189
10352
27133
11456
23586
1734
37655
37365
33801
15729
2669
28679
13016
37347
18071
26509
29556
37627
30075
18143
9943
7906
15508
11129
21705
3080
-17
8832
-897
555
713
10515
26304
-2429
12324
42015
19760
26935
36413
38725
7128
31852
15698
10906
40595
248
41569
3560
39859
35162
12828
39442
21931
7520
24843
2286
30711
16060
5710
36366
1191
-1937
37455
15603
20174
-1168
32057
39413
13112
20117
-1946
32626
4946
5118
19037
35061
42529
336
29417
25260
12022
30486
26287
38302
10870
-618
8805
35975
33212
34072
39539
41307
21567
42273
40681
18703
26657
4650
1877
22042
18013
7171
17162
30726
37116
12415
32309
-1994
12441
6870
11959
18537
28036
25513
4954
15000
13494
21920
25618
-869
29704
34468
31710
16256
18021
3606
39378
32351
27285
23210
42337
28589
20859
226
7901
38058
7701
34824
27262
14149
36348
31772
22384
31006
18688
2572
15048
11449
38810
4957
39454
-686
30233
28491
37947
1952
8982
33001
3717
1776
15734
587
14374
36587
13140
19397
12149
40450
28438
26443
36219
2354
37973
9472
32019
2490
41048
6816
36619
12174
28397
14035
22184
13251
25758
25256
35876
6589
13063
8032
16677
755
7564
463
37435
6395
785
1779
4758
42477
18776
11682
31854
2980
39186
31991
7875
32557
42354
3772
9019
28937
965
29270
27957
10451
31135
24171
13879
8548
10669
13526
41548
11472
20467
34840
20014
22732
19732
16280
19607
23465
18861
18887
-2275
27527
18804
13713
10016
30586
14441
23227
27717
3800
4892
31547
19927
3104
36968
6884
15438
21091
15751
18046
3534
26280
32442
40327
14108
25655
30116
2820
29828
40096
7839
6607
35908
40812
31128
25685
7696
18243
36125
6296
23411
36578
21004
6922
9169
23088
-1402
8066
5164
37599
17159
1798
6307
37060
26275
36860
27422
5098
15826
36745
28819
17389
23121
28960
27790
32426
20352
23843
27156
18259
33089
5198
9824
29732
24534
8259
13902
14317
18035
564
6052
-1085
30923
11446
28250
7252
3228
4151
15291
7730
29696
20026
18590
13278
16940
36752
29928
33088
5033
35573
10588
39186
41771
7114
26848
30791
33381
35935
21807
22174
17300
37232
20339
25192
39419
30830
21627
24362
39452
20778
12507
11581
22970
14346
39175
1470
31177
20365
7963
34546
37162
9866
38040
40824
20363
3496
37439
39020
22250
38300
19655
36698
17023
23466
34302
-439
20655
16618
21361
6396
9791
15716
11701
19638
35833
30759
35862
38513
26982
1824
31759
1460
20461
19656
38400
29651
1795
28657
21831
4968
29390
15770
23704
11364
19520
28018
12348
1498
38672
5751
9678
4842
18484
12888
4454
351
24167
9225
3451
11385
15523
26731
33041
41388
12071
-1559
8776
39972
38619
19778
40241
32297
25498
24455
34540
35100
4994
-1925
18612
27489
4118
-660
20468
3098
2416
-2383
15739
23342
15628
13275
14805
27349
3310
29778
12348
3076
4841
6738
19794
9932
34453
-1730
4478
18890
40546
7540
25872
9828
39931
5833
23051
16787
18643
17791
25853
29837
17062
20234
35230
17029
32227
20182
15664
33913
25885
22793
36831
21063
2809
13708
21873
18510
17543
28249
27732
35623
35186
3615
38518
39019
16660
14641
39743
37013
19647
19556
82
18034
30201
14926
30041
31947
40225
26883
-1390
33285
18347
37314
15308
28277
-2414
16837
39274
10344
30452
42508
15388
-959
-1142
-388
5925
20760
15567
34720
318
13801
15063
38390
19837
13486
16410
12089
41778
24143
-1916
4881
18299
14329
25027
6847
11610
25728
37436
42493
40092
10706
20111
16708
28150
22664
36504
30928
24025
35562
8882
16908
37589
25166
6053
86
6965
4096
39019
14272
28882
33805
15520
3656
31059
25863
3502
38714
10130
7667
15705
-1947
28594
169
35089
-1869
274
27033
38664
28004
14824
6061
40282
4049
37843
25323
38130
22580
42280
10348
38143
22495
17299
-210
13037
9233
16015
6656
25449
491
525
5616
15326
-634
1602
-1961
9876
25597
38905
26299
29651
36693
14894
34357
31314
9035
22269
15314
40969
30720
12280
28986
19376
31444
15585
32849
12113
9181
29704
15584
28658
30649
24021
9358
20445
8512
21253
21722
-2323
14086
15122
41641
35464
36145
2951
16750
14862
21603
29900
36757
13857
7923
16154
24300
23323
9504
9770
20362
7578
35531
12581
40000
29621
17255
35982
23660
253
31683
5381
18445
34727
19112
28110
36787
23101
41351
36141
19003
1630
36884
33404
5493
6902
45
25257
13463
25910
9278
42462
728
10346
-1248
9127
21221
19330
17342
37592
2079
28227
3863
2446
4831
35671
32641
17828
2136
36500
7217
26118
42261
3513
35393
18905
17443
14606
18605
31497
41620
3004
10338
578
9531
37345
4739
26615
22764
15747
9400
29653
5038
20804
32820
18366
17944
4673
27909
1183
8522
34915
6691
3834
15056
6948
26955
10636
13165
36389
12772
19532
-1270
23535
7789
14954
18882
35372
21522
11947
23413
38486
31867
38908
40239
19893
40853
23928
39841
10607
20376
15498
6792
26911
2245
24352
15182
5530
38830
5988
22790
35710
11772
10139
5002
5562
15434
20988
14909
34620
42133
39039
31774
29273
34474
32317
27646
7338
20274
11940
16013
37342
-2185
10481
28395
18570
40108
14445
25022
8560
4094
3762
30048
126
15116
40574
13941
9948
23242
29246
23442
37433
31317
20081
11428
9334
16822
20184
7163
2867
4080
29444
32541
31295
6284
29043
30623
31841
37573
24204
20616
230
18261
16199
2647
17913
36773
19944
24497
614
-1098
19972
31906
33613
26642
21908
19238
30045
6897
5636
27073
11496
10677
15397
14646
29751
28559
6967
29342
17551
-2114
32332
17825
12548
6534
12756
1304
30985
15686
11705
11154
19810
33937
12438
21337
27108
36581
-1810
32717
36339
12774
25008
41723
41823
11534
-2109
27582
34120
6889
15885
16934
2199
39849
2627
31230
20380
28877
23184
9590
19010
29354
1254
33605
1553
11993
18752
22157
3149
31495
14499
-1238
35378
5589
17523
30066
3579
4759
19498
16019
22659
3040
9133
20293
38796
-2293
27490
628
11860
31763
5923
29068
18085
-634
5326
8069
12004
20683
16790
8110
11209
39025
4524
32501
29811
28654
29549
34502
12018
13775
-859
26649
36039
1420
37781
13068
17046
36701
1272
10759
23194
39750
31284
34876
37767
2722
33336
12510
21552
13283
-2284
-207
4794
14464
8463
16669
25004
27081
10549
8509
28772
39988
186
32663
21138
25068
30486
35257
23457
21715
-1136
23317
28416
7360
3709
33359
15922
2381
38389
10168
34428
40634
-1792
36688
-732
28408
21599
4984
26542
21016
16093
11120
26707
1584
2907
14002
37952
3254
1850
39692
32675
1499
37965
20391
13650
10120
9066
-1609
6872
9606
24819
3288
8816
42274
3410
37534
35261
24288
15696
31522
26719
15746
14535
30845
40927
31797
2146
24002
27320
24016
-1698
-944
13147
-2183
31124
17310
22864
26832
15494
-2037
26427
410
16781
15808
17462
27541
37521
38039
37573
37710
10711
7861
8069
33360
38892
41910
15438
36127
8383
20469
23859
28475
33011
17030
21430
37956
9230
36965
26226
10716
18945
17899
16411
29394
-750
7643
4554
35165
9335
-1036
18069
14583
21043
19196
32487
23324
12825
17200
32971
13374
19119
-950
40040
18838
10737
17291
33844
6545
10527
3925
28124
24770
37749
32461
1533
21529
34426
5260
27064
1042
6753
24622
25857
2547
26399
23556
8367
12581
20725
15173
881
39278
4589
1974
23733
3924
9591
6040
17895
42525
15181
36604
17732
40421
5550
42007
-40
11128
8744
7381
39296
26541
25952
12831
15877
27661
28357
28112
18712
11835
-1973
-1634
1170
-435
5430
4208
14599
29986
12405
-334
30233
14187
40346
1989
10689
30082
27720
21257
37233
-1497
7665
8422
13096
33848
31841
33776
12527
9500
21371
4470
29874
23502
304
15928
6136
17311
23253
40276
15538
-1169
36457
41674
-1814
33231
34913
7928
35796
14030
-2361
2149
29221
20640
563
33062
13060
38149
653
1174
31068
31029
41127
19559
15033
25502
31200
18205
235
19247
9945
12297
25591
13006
21570
20623
26956
35717
20239
11173
30046
-110
6010
25566
40965
12540
21583
36903
29853
37279
-1182
20152
26846
28758
39105
11421
29967
41394
28480
35869
35597
32116
24097
23259
20813
16079
21619
10724
38910
28275
26389
16998
26448
30589
33136
-1720
40154
32316
42583
18068
32733
16386
12808
23387
25137
3072
30367
16245
30341
36512
2762
17755
9062
13204
-499
10609
34853
13418
22445
28318
3498
22750
9847
37912
5454
25917
12920
26980
11800
28491
41913
35098
37989
30
31745
32462
39883
7663
6483
5780
7888
23327
-2476
37461
35470
29697
21333
18556
14626
2589
34895
14571
15454
34047
7364
27476
3450
36689
904
31847
-2228
20274
32244
20879
-2242
35116
36147
19489
8286
29287
39684
38517
39059
29547
40596
343
147
1841
33460
36286
18429
3116
10353
29618
435
9911
19383
-1125
29740
39216
14775
9583
29708
2211
40485
41499
5116
33084
12351
10490
9257
38150
21188
41843
998
7878
32985
39168
28810
42158
30988
22724
20393
3448
37615
2466
32363
16062
15079
1300
7727
-2009
38329
40044
32950
13492
23482
31523
7514
38679
9127
28440
2964
34418
8209
38993
33600
21631
1517
38958
21355
10981
42439
37644
35901
9357
8620
1846
32249
34991
3822
5848
-21
23276
14231
41779
22293
20842
-2381
16202
32544
26924
8481
5139
21468
1348
36374
38440
38309
27676
39820
12437
21848
12939
5882
31725
15459
-1861
22077
20754
24604
429
27899
41816
18301
-2120
13235
32300
27513
32522
17150
33907
23038
23826
23063
30893
22364
38610
28421
5464
13068
35413
39831
12134
12834
40090
5683
41756
20857
41411
8152
33228
24874
3443
12629
38992
20649
20139
28718
37334
34934
22034
18920
16987
24652
2937
29833
19197
4475
6754
-1260
1251
25204
40715
11452
30654
41802
35671
25022
29911
32473
12539
11318
8326
22417
31896
32155
11004
19358
33501
3279
9327
2371
38286
35964
41534
3523
21155
29811
11202
8064
3682
41784
26505
17214
14783
18061
34841
12502
4372
37822
10386
11470
31037
16140
17220
17352
24746
11867
26962
19443
37151
26954
10673
24345
15972
23859
31904
37670
15012
19108
40167
32169
37781
32660
2261
35855
31344
1731
22918
20202
11717
24413
10332
18050
17037
34832
39539
30540
30599
873
12630
5133
14289
5016
28753
11794
36275
35403
4248
29359
30644
33398
11919
463
668
41886
28904
34960
33266
20209
15963
8589
1933
696
30255
3024
23378
20513
13358
9151
36299
29219
11523
33291
20958
8959
5276
32825
34835
4415
8679
-1651
42254
28345
26854
32613
13995
3925
40810
41625
21967
18833
17346
20117
36766
11079
25910
36537
40984
40026
10418
36607
804
37076
-22
17370
17097
7914
23918
21442
25997
2729
8332
25035
24390
13831
16396
18067
23288
15238
29409
19909
7955
13404
35799
9339
22497
3424
23241
36657
30730
11905
19057
16561
40741
26689
38060
10465
26307
20314
19322
21413
31615
33583
34765
18844
22827
39394
10262
35948
4718
1968
3860
29288
16417
-674
10522
-1665
1006
15627
36454
36176
25612
10226
29988
35999
3257
39426
21683
17721
19955
7573
6510
27393
11752
18230
36619
21963
12001
11407
39799
21988
40138
20387
-1714
31691
24717
39067
35379
23884
34221
4211
18247
-1656
36240
2134
38405
24296
36599
26222
-1508
83
-2365
33497
33245
15538
18312
15441
40364
41351
31316
32929
15333
14694
38780
14484
25350
-2306
36911
29620
34954
10727
1758
5101
12773
10671
4517
25132
16783
35836
22772
35535
39867
14912
3139
38513
-988
32795
-1906
25251
27287
35192
37746
-1892
5209
11753
26050
9030
-2238
32549
24625
5127
10871
18031
35463
11214
16448
28825
7750
33276
8317
4264
-1294
11116
5854
22536
10592
27778
16040
11519
-1293
-181
31984
15381
17888
22712
8954
-2034
7141
29919
5273
-319
16111
17682
21762
3990
41355
28714
20052
29130
3506
-2119
12460
24660
41020
4724
11421
20759
10831
13321
8529
8792
15257
36866
13062
8788
17923
37702
26650
15456
9743
42358
16144
30093
2255
7032
31714
25552
18197
15519
21544
37405
41086
12002
12035
12470
31923
34026
22557
5584
15331
14275
37701
923
26077
32117
11020
34152
23218
7581
22831
4644
21284
36638
6590
13124
13066
38809
41934
30615
25964
26864
5967
1250
-1644
40729
34969
24153
40343
7991
13720
11495
11164
40896
16693
36137
2724
31852
2065
1353
25306
15065
7277
667
24930
13184
9497
20827
10869
39728
1272
442
37158
10031
28555
39329
31220
7313
30395
412
30759
12041
878
23830
34908
1867
36603
36599
9546
31433
25832
40249
35615
22639
41628
3598
-2031
226
17632
36338
-995
28785
16244
38005
33759
32978
12512
4465
20081
10131
34368
-289
23182
-2484
32238
27205
36264
26283
-903
16155
-2250
-85
7309
6557
19714
8174
41004
34342
6370
39120
10058
18627
17503
17061
39088
25988
7428
18238
38639
21816
17817
40392
10815
10325
1026
37840
9094
41168
40195
40808
11403
14220
33136
15301
8050
31410
11490
11844
14759
36927
27284
15566
31890
19549
14835
5305
24956
30982
38177
29444
3755
37005
-1129
-1651
42163
21791
37463
5440
1045
9764
836
3536
22014
40711
17246
29571
25880
17553
12678
5500
18471
4916
2126
26594
23194
26112
10988
34485
15944
-272
19321
1493
12398
39180
18452
34941
-2303
19653
31585
31242
31941
21922
22977
14937
309
36068
38980
13925
-353
12885
22659
22847
34426
29065
7396
15639
22932
21761
7404
25646
40045
11708
42008
27005
13143
17770
37695
38910
23
18732
18280
21095
17320
3088
3052
38374
12870
18338
20087
27871
22831
39147
16076
-508
16621
27589
36251
9406
1386
17791
9785
14489
-728
33984
36926
1919
40418
7702
9369
31889
22182
3565
35125
41460
19135
-704
19334
21487
30664
41475
-1636
36455
3324
10195
9399
39705
32909
14579
38513
19309
8910
16491
34604
32389
6056
37529
5947
25151
20175
10673
24029
24721
18672
6410
38809
9196
26165
25390
41900
19857
11690
14464
16344
30392
22962
20512
40766
2642
5492
39920
40593
8935
28080
11303
7071
33901
13082
6203
35657
46
5520
14658
38051
16715
1179
11343
11348
3860
9331
31699
-1732
748
40001
5618
17213
29757
20719
34710
35904
17463
11907
36578
-1056
4566
4068
12177
7934
8845
1330
24495
-940
38865
39375
4655
22824
39494
22055
24203
38086
12425
38102
29597
12326
23977
28787
25829
9979
21504
33415
13507
42350
38710
11322
24599
3891
21520
30679
-1020
31170
17292
41576
-578
2376
35689
19191
718
11844
3108
27069
11552
26194
12487
35275
13334
19911
24795
29724
27665
1446
8745
3153
6601
37543
11443
25720
34149
40931
23599
2998
2321
39751
15280
6965
8825
30610
6887
2964
121
19305
16991
17513
42427
14446
39875
10960
20221
5838
20899
1159
-1191
40013
33842
25578
32689
38970
16589
16964
24564
18751
19588
39195
5619
4094
28225
30448
41238
12384
7589
27188
6613
28713
14169
25719
37022
39987
6206
27175
33200
32325
2236
33995
18302
25705
27790
3564
36619
8076
32098
34331
-305
8933
40861
3278
23121
14082
30613
23407
34002
22650
28063
5043
29220
34295
3110
3485
39648
22793
5120
34014
8809
30969
28185
18028
16503
29104
21380
-1906
12434
37950
22478
25017
33279
3519
15248
23275
38023
-396
-1714
8801
20248
30567
21152
30733
37889
39971
-1391
2710
42370
10946
30421
35166
4185
18266
4524
37103
22355
35918
38633
20216
12058
34656
17839
13756
14478
730
15893
20454
28920
28890
28165
31360
22786
-114
11964
19334
2336
10334
34060
31276
17009
41503
15891
12513
20667
19380
26425
11321
22289
-855
40513
-857
10533
5721
40114
37994
13835
40514
12902
34830
-1663
36303
15558
33380
21506
25207
-1010
27746
23008
37900
28677
25578
42371
8237
16201
19420
6966
1113
38046
20579
28067
21683
24770
36883
14844
27647
7043
30550
31739
25991
20050
-1485
18681
28974
3264
658
23447
37833
17591
32348
36506
16588
304
38356
13417
736
3586
30370
20340
21857
4296
329
15139
28683
3124
9953
30320
19475
34775
18856
435
36395
38702
29413
20442
1185
39163
38982
27960
20315
25068
-1159
36296
15644
36349
38814
23033
2273
2173
5897
20455
35028
13106
-349
1014
24046
12562
5528
-996
28570
24898
35270
16292
3933
5484
39460
12972
19424
20681
8196
10982
25963
20052
7675
32582
17922
25512
13404
24872
22549
12212
21885
10137
41117
584
18798
38739
5020
3552
21497
7149
5861
28447
21916
13677
16331
5440
14276
20712
1166
12751
18500
6155
29855
39087
40648
13488
23440
34605
24404
30973
11370
34867
41626
2086
33709
30618
20397
7210
32716
9348
14136
7377
31209
20256
27167
30231
19512
12211
30987
11487
18725
36207
19597
-2486
9346
10163
18134
23408
24291
34687
8134
29077
22874
23026
33443
32254
38549
14239
23847
11319
28240
18242
37087
13047
27231
40246
17573
41786
5000
13007
7388
12855
33467
25944
42175
14843
10703
29373
1664
5656
20904
3083
28528
-1713
42101
-1289
6914
29743
33045
36789
7265
34527
10531
20680
32303
17765
41983
17832
31651
23737
40900
5846
25955
36383
31975
7929
22911
39210
25811
26063
40679
26288
-1794
8604
13938
4667
36793
5993
-1721
34923
34213
8018
29133
41797
10354
24501
41953
25327
39608
1918
22082
-1583
4310
26431
7476
2569
5060
25049
22657
1984
9451
34659
21675
41465
36281
8148
33734
42054
35499
34246
4595
16434
-2055
20261
7422
9985
30905
8265
24349
34333
18174
20923
26266
-1089
21998
423
14956
16223
29685
31464
9777
33697
29341
5743
1050
22837
23463
42181
7122
19809
5136
-2265
33000
19347
20772
35593
21778
37791
13957
34040
33463
2199
3040
-861
40398
20054
20462
38475
17139
15050
9038
25909
19391
29605
21146
35789
19210
25270
-419
7175
20438
33294
650
21945
35967
15106
15184
21439
25482
6026
17722
10059
32436
26136
23802
42500
36254
19647
14319
5972
215
36776
17234
30825
27990
21394
36520
29261
33924
18407
39522
29784
-2110
24185
15521
40630
346
22229
12746
16240
27346
41327
19757
39517
22264
17186
22815
33443
22221
27334
41778
22458
13960
4643
7390
3986
3231
7573
12610
27583
16732
28612
13647
7070
13816
26690
12119
16866
25949
12932
20210
28289
35474
36606
12159
37699
21706
3174
2389
31226
5435
14995
9322
12979
16177
25901
32352
33853
7409
25278
8075
11281
15921
38567
33516
38342
28695
35846
8703
37504
29131
33603
29996
-3
37033
-592
20965
2154
22468
38762
20310
11820
4230
-2534
12252
23861
20896
40065
6658
19990
25252
34910
29054
38464
897
2955
20793
22743
17177
-1263
5524
15142
4532
11217
37652
6486
35956
5555
35659
13687
19220
26197
30960
30791
9633
22892
24232
9408
16155
4858
4515
8420
-2382
12950
30563
3164
39634
21564
36927
17352
30389
1527
-1138
38453
19825
29837
37303
32713
8948
38944
37941
69
17971
38217
25805
23636
-184
29526
12575
2751
10325
22275
13022
40595
32010
23042
12424
29472
28301
27960
-747
14153
41732
17393
20867
35757
15094
25553
23338
8229
17184
42127
-2242
-2022
26616
18074
17886
19159
8666
13834
17450
30962
40847
9160
2346
8136
34777
-1499
38564
36960
26464
10347
38273
39374
14382
-2196
14338
-1175
27716
36274
11888
4672
430
1273
33632
11341
9736
3096
-89
31122
40242
6504
32359
32833
6228
20985
21849
12204
12641
3771
21269
26726
12179
-1962
20151
35470
4592
28486
7087
16616
24860
3638
28122
6039
13865
13451
10067
37717
2684
22595
34175
41145
3172
12844
39223
947
23265
37771
13479
11603
24016
26360
17740
39332
40694
5468
40239
22659
13977
1976
32857
39746
21589
1008
30680
9214
22193
25269
142
11000
23926
1188
27356
22911
32819
30654
16692
30393
11489
23825
34055
8834
40932
32641
6803
22255
32627
14992
12748
10659
23197
27292
7801
15997
13038
29321
-1054
42450
912
10485
30194
11580
39518
232
27183
16562
24801
40598
20021
36077
11035
-1285
39885
6977
15324
11058
31078
23587
-414
5049
-1613
21953
41408
17077
34351
37702
20974
42004
39754
23752
8452
7716
18
16130
6782
22242
11479
28753
5614
5579
39702
24347
34795
3455
23441
16166
20000
29202
21654
29237
28066
2170
8466
32332
39258
25074
1169
4914
9419
8678
37128
39494
8471
34833
31528
6972
20842
15444
966
27480
20602
-1728
12783
16389
33568
34434
22018
41548
32697
9037
37592
8558
34159
214
28516
33509
20023
16091
33379
13719
39739
37185
6674
41346
17886
8328
936
7448
3765
28743
34032
24023
35058
18676
35497
26685
1463
3912
36338
-1515
-1706
42559
35779
14705
23075
1540
-2412
25706
24820
8571
11051
13853
8072
440
3068
22217
13910
1406
19035
28760
-854
11316
17561
36360
-1128
22934
13809
15010
32881
18715
38279
39931
25757
30503
915
7951
17781
28147
19070
35700
33602
20816
12831
1991
10595
24018
18022
9068
10481
492
21328
37690
19453
33377
24456
24382
-2343
22315
32331
29108
23147
30240
15825
18198
3138
7116
37079
37053
15194
12900
-444
15273
931
26359
10548
-924
11828
26053
39662
42562
11037
28260
18727
5632
18929
6204
15166
41394
785
8759
26025
35785
40768
10919
20638
21225
19188
28425
7157
2218
32511
26857
22190
40821
15135
17828
6305
1273
23123
2845
2447
14643
40442
6783
24895
16075
22653
23213
26593
26446
20821
21098
21685
25022
35963
30546
31638
40397
33280
2192
3466
17894
31018
7204
18218
19553
17922
32605
38726
33722
-1599
3457
32505
42533
31051
23275
27790
6236
35890
16242
38353
15071
42374
41703
34930
1357
27117
38883
30716
23813
10918
37247
1694
20567
26588
15255
15850
8907
18959
6337
24176
7285
34502
1375
30902
18321
16731
6127
34769
4518
21548
475
39009
39215
11830
34094
30565
10538
4956
31105
21514
29785
33558
24631
14918
25579
-1499
23568
22840
15377
4928
-1615
-66
11535
14349
31949
29897
14521
425
36893
11867
24623
25489
10080
27722
15453
14577
1667
2006
24043
15863
33086
39111
25708
31682
10222
21787
1398
25548
2770
3224
4822
15719
26498
-1921
15635
11262
18565
1397
17030
-1336
15796
27612
8661
24326
-479
35900
-2402
5470
3433
31497
28107
23576
30141
42444
3273
8532
34032
29277
18804
-2476
23914
35224
32705
34242